[gd_scene load_steps=5 format=3 uid="uid://b2ns0ejqc0dlq"]

[ext_resource type="PackedScene" uid="uid://micgwbpw0qyy" path="res://addons/grappling_hook_3d/example/player.tscn" id="1_eecwy"]

[sub_resource type="ProceduralSkyMaterial" id="ProceduralSkyMaterial_2ip0h"]
sky_top_color = Color(0, 0.482353, 0.992157, 1)
sky_horizon_color = Color(0.510784, 0.632353, 0.760784, 1)
ground_bottom_color = Color(0.0352941, 0.0352941, 0.0352941, 1)
ground_horizon_color = Color(0.510784, 0.632353, 0.760784, 1)

[sub_resource type="Sky" id="Sky_nbfya"]
sky_material = SubResource("ProceduralSkyMaterial_2ip0h")

[sub_resource type="Environment" id="Environment_kb545"]
background_mode = 2
sky = SubResource("Sky_nbfya")
tonemap_mode = 2
glow_enabled = true

[node name="Main" type="Node"]

[node name="Environment" type="WorldEnvironment" parent="."]
environment = SubResource("Environment_kb545")

[node name="Sun" type="DirectionalLight3D" parent="Environment"]
transform = Transform3D(-0.866025, -0.433013, 0.25, 0, 0.5, 0.866025, -0.5, 0.75, -0.433013, 0, 10, 0)
shadow_enabled = true

[node name="Player" parent="." instance=ExtResource("1_eecwy")]

[node name="Platform0" type="CSGBox3D" parent="."]
transform = Transform3D(1, 0, 0, 0, 1, 0, 0, 0, 1, 0, -0.5, 0)
use_collision = true
size = Vector3(10, 1, 10)

[node name="Label" type="Label3D" parent="Platform0"]
transform = Transform3D(0.5, 0, -0.866025, 0, 1, 0, 0.866025, 0, 0.5, 4, 2.5, -4)
pixel_size = 0.01
double_sided = false
texture_filter = 5
text = "Try to get to the next platform

Launch/Retract hook: RMB"

[node name="Platform1" type="CSGBox3D" parent="."]
transform = Transform3D(1, 0, 0, 0, 1, 0, 0, 0, 1, 0, -0.5, -36)
use_collision = true
size = Vector3(10, 1, 10)

[node name="Label" type="Label3D" parent="Platform1"]
transform = Transform3D(-0.5, 0, -0.866025, 0, 1, 0, 0.866025, 0, -0.5, 4, 2.5, 4)
pixel_size = 0.01
double_sided = false
texture_filter = 5
text = "Check out README.txt in
the addons folder, to get
started."

[node name="Box" type="CSGBox3D" parent="."]
transform = Transform3D(1, 0, 0, 0, 1, 0, 0, 0, 1, 0, 6.5, -21)
use_collision = true
size = Vector3(2, 2, 2)

[node name="Label" type="Label3D" parent="Box"]
transform = Transform3D(1, 0, 0, 0, -4.37114e-08, 1, 0, -1, -4.37114e-08, 0, 1.01, 0)
pixel_size = 0.01
double_sided = false
texture_filter = 5
text = "How?"
